X1: 0.999898
X2: 2.00003
X3: -3.70752e-05
