y = 1.31014
e = 0.0614581