X1: 0.999877
X2: 2.00012
X3: 7.79072e-05
